1620 20.0
1602 19.506666666666664
1517 20.0
1652 20.0
1692 20.0
1611 19.75888888888889
1623 20.0
1542 20.0
1708 20.0
1557 20.0
1689 20.0
1731 20.0
1907 20.0
1553 20.0
1615 20.0
1697 20.0
1632 20.0
1622 20.0
1716 20.0
1600 20.0
1614 20.0
1638 20.0
1672 20.0
1710 20.0
1571 20.0
2011 20.0
1573 20.0
1570 20.0
1720 20.0
1580 20.0
1618 20.0
1740 20.0
1701 20.0
1576 20.0
1482 18.184444444444445
1593 19.295833333333334
1582 20.0
943 20.0
943 20.0
943 20.0
943 20.0
943 20.0
943 20.0
943 20.0
943 20.0
943 20.0
943 20.0
973 17.583333333333336
948 17.609374999999996
971 19.203125
958 19.614583333333336
997 20.0
969 20.0
981 20.0
982 19.631944444444443
844 1.8124999999999993
971 0.0
967 0.21875
402 0.0
